,T,first,main
0,650.0,4.832,4.997
1,665.0,3.2399999999999998,3.2399999999999998
2,680.0,1.9940000000000002,2.1769999999999996
3,695.0,1.5199999999999998,1.5199999999999998
4,710.0,1.1049999999999998,1.1049999999999998
5,725.0,0.8379999999999999,0.8379999999999999
6,740.0,0.6619999999999999,0.6619999999999999
7,755.0,0.5429999999999999,0.5429999999999999
8,770.0,0.4609999999999999,0.4609999999999999
9,785.0,0.19799999999999998,0.40299999999999997
10,800.0,0.36000000000000004,0.36000000000000004
11,815.0,0.3269999999999999,0.3269999999999999
12,830.0,0.301,0.301
13,845.0,0.281,0.281
14,860.0,0.26399999999999996,0.26399999999999996
15,875.0,0.25,0.25
16,890.0,0.238,0.238
17,905.0,0.22699999999999998,0.22699999999999998
18,920.0,0.217,0.217
19,935.0,0.207,0.207
20,950.0,0.196,0.196
21,965.0,0.18599999999999997,0.18599999999999997
22,980.0,0.17499999999999996,0.17499999999999996
23,995.0,0.16399999999999998,0.16399999999999998
24,1010.0,0.15299999999999997,0.15299999999999997
25,1025.0,0.142,0.142
26,1040.0,0.13199999999999998,0.13199999999999998
27,1055.0,0.12099999999999998,0.12099999999999998
28,1070.0,0.10999999999999999,0.10999999999999999
29,1085.0,0.09999999999999999,0.09999999999999999
30,1100.0,0.089,0.089
31,1115.0,0.079,0.079
32,1130.0,0.06899999999999999,0.06899999999999999
33,1145.0,0.060000000000000005,0.060000000000000005
34,1160.0,0.05199999999999999,0.05199999999999999
35,1175.0,0.044,0.044
36,1190.0,0.038,0.038
37,1205.0,0.032,0.032
38,1220.0,0.027,0.027
39,1235.0,0.023,0.023
